    (0.0000 1.241392e-05)
    (0.0225 4.773359e-05)
    (0.0450 9.310440e-05)
    (0.0675 1.678693e-04)
    (0.0900 2.504867e-04)
    (0.1125 2.783554e-04)
    (0.1350 2.505070e-04)
    (0.1575 2.015652e-04)
    (0.1800 1.551740e-04)
    (0.2025 1.188081e-04)
    (0.2250 8.353627e-05)
    (0.2475 4.839324e-05)
    (0.2700 1.241392e-05)
    (0.2925 -3.352420e-05)
    (0.3150 -7.818029e-05)
    (0.3375 -9.241044e-05)
    (0.3600 -7.266679e-05)
    (0.3825 -3.968842e-05)
    (0.4050 -1.241392e-05)
    (0.4275 6.699865e-06)
    (0.4500 1.675879e-05)
    (0.4725 1.575273e-05)
    (0.4950 1.345527e-05)
    (0.5175 1.094748e-05)
    (0.5400 9.310440e-06)
    (0.5625 8.496314e-06)
    (0.5850 7.758008e-06)
    (0.6075 7.127722e-06)
    (0.6300 6.637653e-06)
    (0.6525 6.320000e-06)
    (0.6750 6.206960e-06)
    (0.6975 6.260883e-06)
    (0.7200 6.426273e-06)
    (0.7425 6.708560e-06)
    (0.7650 7.113177e-06)
    (0.7875 7.645553e-06)
    (0.8100 8.311120e-06)
    (0.8325 9.115309e-06)
    (0.8550 1.006355e-05)
    (0.8775 1.116128e-05)
